camera_matrix: [1038.98, 0.0, 375.5,
		0.0, 1038.98, 239.5,
	 	0.0, 0.0, 1.0 ]
image_width:  752
image_height: 480
dist_coeffs: [ -0.10314, 0.22502, 0.0, 0.0, 0.0 ]
