translation_x	translation_y	translation_z	rotMatrix_11	rotMatrix_21	rotMatrix_31	rotMatrix_12	rotMatrix_22	rotMatrix_32	rotMatrix_13	rotMatrix_23	rotMatrix_33
-8.1271255086	-84.3695951028	616.3210553765	0.8537016337	-0.1909510772	-0.4844898243	-0.0649594617	0.8840345464	-0.4628854977	0.5166942588	0.426638952	0.7422975361
-6.6798788636	-84.3239493283	616.3991327764	0.8622080286	-0.1880429119	-0.4703572822	-0.0607133522	0.8834890187	-0.4645007683	0.5029015762	0.4290535462	0.7503345414
-5.2021671988	-84.7067897637	616.2693725222	0.8726295484	-0.1836116645	-0.452559338	-0.0575205270	0.8815500281	-0.4685735114	0.4849892659	0.4349217252	0.7587053946
-3.4361270549	-84.892031131	616.2248298144	0.882841759	-0.1801289591	-0.4337567065	-0.0532671694	0.8791727899	-0.4735165876	0.4666411243	0.4411447446	0.7665755848
-1.5949255218	-85.057047555	616.0604604777	0.8924724828	-0.1760090351	-0.415352580	-0.0498491640	0.8766233708	-0.4785883066	0.4483436347	0.4478310073	0.7735885497
-0.0308828259	-85.532324733	616.1975271137	0.9002119681	-0.1735980084	-0.3993510766	-0.0465189993	0.8735105166	-0.4845775476	0.4329590477	0.4547998379	0.7782690123
1.0347568744	-85.7567010346	616.4519432211	0.9061426848	-0.1728430972	-0.3860473498	-0.0420057913	0.8714117053	-0.4887506327	0.4208833639	0.4590938871	0.7823629916
2.1696977673	-86.1384035511	616.8065946651	0.9104373423	-0.1699002154	-0.3771367641	-0.0421171921	0.868935905	-0.4931290091	0.4114904048	0.4648481121	0.7839556844
2.6370186647	-85.9818602387	617.0106751984	0.9132760125	-0.1700517346	-0.3701521007	-0.03899939	0.8680173016	-0.4950000832	0.405474068	0.4665070908	0.7861075837
3.1169219693	-86.3470216406	617.3385615114	0.9157297228	-0.1696155131	-0.3642387417	-0.0378648010	0.8660641873	-0.4984968341	0.4000069257	0.4702801504	0.7866582720
3.7487116661	-86.3532834085	617.3885574492	0.9179726539	-0.1665092399	-0.3600056444	-0.0387394259	0.8656446132	-0.4991581857	0.3947513857	0.4721592038	0.7881878005
4.1379872333	-86.5164129276	617.5894885515	0.9196658917	-0.1657733024	-0.3559999172	-0.0379117772	0.8648208188	-0.5006474873	0.390870101	0.4739242086	0.7890616195
4.3770898352	-86.4658755188	617.6511426375	0.921006721	-0.1646830927	-0.3530293524	-0.0370316632	0.8651286101	-0.5001813658	0.3877871969	0.4737428181	0.7906909868
4.8234988854	-86.3915023208	617.7079877159	0.9225134669	-0.1636306012	-0.3495609413	-0.0361645514	0.8650534014	-0.5003745668	0.3842654673	0.4742441155	0.7921057422
5.1166615982	-86.3027417606	617.6347118459	0.9239802739	-0.1630124177	-0.345956945	-0.0349941126	0.8647754662	-0.5009378484	0.3808341704	0.4749634059	0.7933309305
5.562870799	-86.6479403245	617.7538494361	0.9253719929	-0.1620450737	-0.3426773444	-0.0349730854	0.8636651826	-0.5028512783	0.3774430473	0.477308781	0.7935443782
5.6948089217	-87.0069387834	617.8891711505	0.9266279989	-0.1612564812	-0.3396429274	-0.0350391327	0.8623843509	-0.505040157	0.3743437357	0.4798849347	0.7934592400
6.2037068566	-87.1468667909	617.871077683	0.9287381909	-0.1597067197	-0.3345727261	-0.0343005572	0.8615689241	-0.506480479	0.3691457944	0.4818637616	0.7946939343
7.078005318	-87.0341290327	617.7806210224	0.9318925683	-0.1565697297	-0.3272118465	-0.0331704031	0.8614902508	-0.5066898638	0.3612221049	0.4830331171	0.7976231835
7.9298259012	-87.2387697571	617.8292902224	0.9347764926	-0.1536096681	-0.3203093422	-0.0328566385	0.8604239892	-0.5085183926	0.3537152038	0.485875413	0.7992570341
8.3313511359	-87.6514739697	617.9487801568	0.9372788177	-0.1502246384	-0.3145555328	-0.0344414909	0.8580494795	-0.512411106	0.3468809832	0.4911049585	0.7990578769
9.5566001477	-87.9075559193	618.0127771453	0.941069590	-0.1450712719	-0.3055172875	-0.0354865573	0.8559942475	-0.5157658803	0.3363438547	0.4962136928	0.8004019842
10.2315755611	-88.3572782119	618.2339524338	0.9443645559	-0.1411878564	-0.2970573979	-0.0358668814	0.8535826196	-0.5197213576	0.3269413943	0.5014608655	0.8010292567
11.1741656839	-88.5835228842	618.4060976351	0.9481532563	-0.1355351757	-0.2874654235	-0.0366818965	0.8517918588	-0.5225945939	0.3156906597	0.5060444043	0.8026575781
11.9583653121	-88.9091234368	618.647611506	0.9520788535	-0.1309057511	-0.2764226201	-0.0357236056	0.8499962028	-0.525576080	0.3037591208	0.5102648536	0.8045869587
12.8687423644	-89.1465831889	618.8208018993	0.9557992089	-0.1251762595	-0.2660363907	-0.0357957006	0.8485677125	-0.5278743235	0.2918272149	0.5140654802	0.8065793831
13.7486052749	-89.1879083561	618.9161856704	0.9590555995	-0.1199720785	-0.2565552502	-0.0356133023	0.8475752198	-0.5294790098	0.280972577	0.5169363163	0.8085992429
14.5277187082	-89.3476070865	619.3677628197	0.9620328494	-0.1145072285	-0.247759732	-0.0360512061	0.8464780106	-0.5312020831	0.2705496308	0.5199647941	0.8102118023
15.5400974648	-89.3998082697	619.5241111072	0.9653532666	-0.1102320488	-0.2365153309	-0.0336131090	0.8463089975	-0.5316305374	0.2587677807	0.5211619324	0.8132817494
16.4807157536	-89.4528847835	619.8411546323	0.9682621933	-0.1049710702	-0.2268165753	-0.0326741318	0.8465686875	-0.5312754822	0.2477843535	0.521825709	0.8162704049
17.1217887927	-89.3972920526	619.9061322496	0.9708088367	-0.1006322403	-0.2177120798	-0.0308281610	0.8478375012	-0.5293588431	0.2378550426	0.5206191629	0.8199855116
18.0428508773	-89.2050295175	619.900255212	0.9731133213	-0.0972769609	-0.2087807291	-0.0280735090	0.8495896907	-0.5266968106	0.2286133837	0.518396046	0.8240163079
18.874936754	-88.9042109989	619.8772261956	0.9749429233	-0.0944234229	-0.2014302332	-0.0257893934	0.8513775487	-0.5239194493	0.2209634128	0.515985086	0.8276096715
19.1667666783	-88.6344871069	619.9994876328	0.975955228	-0.0953588681	-0.1960030031	-0.0213253091	0.8531372088	-0.5212505155	0.2169233082	0.5128971141	0.8305901185
19.3507291822	-88.6991579091	619.9908825605	0.976813810	-0.0968835832	-0.1909132101	-0.0169405803	0.8539706392	-0.5200452974	0.2134181319	0.5112217701	0.8325290128
19.5511167621	-88.3495790676	619.9704147286	0.9772912771	-0.0987026180	-0.1875049821	-0.0132003573	0.8548100354	-0.5187730031	0.2114854002	0.5094678556	0.8340953860
19.8905800233	-88.3600873205	619.8045305391	0.9781728848	-0.0993729924	-0.1824888542	-0.00998702230	0.8547334675	-0.5189710091	0.2075510351	0.5094660492	0.8350846211
20.1042555008	-88.6513685144	620.1266937303	0.9784925237	-0.1012802806	-0.1797035854	-0.00706863780	0.8541928831	-0.519908186	0.2061579599	0.5099966543	0.8351053835
20.3468960044	-88.7045049113	620.0639091581	0.9791879467	-0.101505698	-0.1757543856	-0.00469736290	0.8543863717	-0.5196170163	0.2029062695	0.5096283037	0.8361280820
21.0521107163	-88.6312551775	620.0879191025	0.980273487	-0.1006993086	-0.170073037	-0.00218682340	0.8549010869	-0.5187866092	0.197637055	0.5089240865	0.8378167785
21.9669647568	-88.4996297589	619.9711252274	0.9821027267	-0.0967861201	-0.1615900127	-0.0006369557	0.8561735632	-0.5166881627	0.188357351	0.5075429972	0.8407889779
22.8769148252	-88.7268621887	619.8166964853	0.9843240154	-0.0928744629	-0.1499465498	0.00195510420	0.8558295907	-0.5172543709	0.176368420	0.5088520987	0.8425953809
23.9616931746	-88.1011495442	619.0911844397	0.9864519494	-0.0895058263	-0.1374924783	0.00596544830	0.8570793661	-0.5151499602	0.163950903	0.5073501021	0.8460016840
25.5323104355	-88.1141253283	618.868880082	0.9891151454	-0.0831817031	-0.121393845	0.00896908210	0.8574604075	-0.5144721338	0.1468850646	0.5077822054	0.8488734267
27.0218975886	-88.5326007792	618.8088450101	0.9917552028	-0.0778363656	-0.1017985237	0.0143459268	0.8568382568	-0.5153856787	0.1273406152	0.5096760321	0.8508904296
28.1617315729	-88.4818704384	618.5508868153	0.9937506103	-0.0720331653	-0.0852588975	0.0179255122	0.8569517103	-0.5150846042	0.1101659674	0.5103382369	0.8528873354
29.8974382466	-88.7755744042	618.4884194425	0.9957480538	-0.0646170096	-0.0656474556	0.0214460069	0.8557198904	-0.5169945208	0.0895825030	0.5133890348	0.8534670792
31.0647181706	-88.7648124821	618.4349823382	0.9970791382	-0.0589117348	-0.0485732843	0.0254012652	0.8558534646	-0.5165939531	0.0720050808	0.5138522067	0.8548498402
32.5721062831	-88.8565665826	618.2985762263	0.9981934829	-0.0525460701	-0.0291614907	0.0298879134	0.8550596181	-0.5176678936	0.0521361909	0.515860256	0.8550856038
33.9965858102	-89.0514196684	618.4104265552	0.9988684328	-0.0462626353	-0.0111380868	0.0337854358	0.8543314439	-0.5186294596	0.0335087773	0.5176657008	0.8549278648
35.2979500823	-89.0156646814	618.2915106734	0.9991699889	-0.0403239674	0.00537171190	0.0372806148	0.8548120808	-0.5175964242	0.0162797609	0.517368340	0.8556055770
36.6946659743	-88.7567267968	618.1089960171	0.9991865131	-0.0346436640	0.0206611103	0.0403365339	0.8563363711	-0.5148408682	0.0001430956	0.5152550205	0.8570372394
38.10610264	-88.4882986953	618.0272999211	0.9990246906	-0.0283805872	0.0338103572	0.0417037206	0.8578897153	-0.5121385569	-0.0144707506	0.5130495106	0.8582364935
37.9951692947	-88.1707998066	617.9591509471	0.9988185525	-0.0222641356	0.0431474997	0.0411379204	0.8600811112	-0.5084955609	-0.0257890994	0.5096711521	0.8599805690
38.7787369159	-87.9426854498	617.7470969356	0.9983487192	-0.0174348593	0.0547460126	0.0427580780	0.8619172111	-0.5052430826	-0.0383776949	0.5067492757	0.8612395070
39.6561908104	-87.9636402877	617.5791307399	0.9977382648	-0.0142455095	0.0656719388	0.0453961570	0.8634452631	-0.5023955027	-0.0495472286	0.5042412168	0.8621388955
41.7842533609	-87.9329489514	617.786077976	0.9963235383	-0.0105890761	0.0850333841	0.0518085244	0.8648621564	-0.4993290134	-0.0682547123	0.5018982599	0.8622312769
41.5757306507	-87.0336067142	617.732959113	0.995619874	-0.005008548	0.0933719020	0.0506972562	0.8679699054	-0.4940224408	-0.0785696696	0.4965917838	0.8644221332
43.8359417457	-87.6663613907	617.7872711519	0.9938662334	-0.00636442150	0.1104022338	0.0604153841	0.8674358317	-0.4938673742	-0.0926236660	0.4975083606	0.8624996352
43.5894271731	-87.6973463119	617.7531533318	0.9928515794	-0.00426492320	0.1192714129	0.0628350526	0.8683184436	-0.4920109816	-0.1014671917	0.4959883853	0.8623792703
45.0287585036	-87.6204405934	617.9905423629	0.9908620066	-0.00192383470	0.1348524764	0.0685246144	0.868396143	-0.4911132553	-0.1161605293	0.4958671558	0.8605923454
45.1863195529	-87.5550454368	618.2388504735	0.989039270	-0.0004174085	0.1476442375	0.0736424458	0.8681196545	-0.4908613063	-0.1279679523	0.4963548013	0.8586349920
46.8981854471	-87.4124781969	618.5566641911	0.9859802376	0.00324847870	0.166837224	0.0802117493	0.8674999294	-0.4909277382	-0.1463260446	0.4974270653	0.8550773141
47.6962824847	-87.6809552188	618.862331687	0.9831554934	0.00974696020	0.1825170675	0.0829982564	0.8658777981	-0.4933224968	-0.162845879	0.5001608064	0.8504836622
48.6213555116	-87.6307157323	619.2737907875	0.9794850108	0.0180378122	0.2007023006	0.0854646175	0.8647864045	-0.4948131522	-0.1824899495	0.5018157455	0.8455035604
50.3968685583	-88.2038983143	619.751649485	0.9747414447	0.0252932761	0.2219030891	0.0910175122	0.8623306764	-0.4980980675	-0.2039523667	0.5057137192	0.8382473857
51.7034777006	-88.355769138	620.3210936557	0.9694825959	0.0362709522	0.2424635401	0.0929224550	0.8608375641	-0.5003241521	-0.2268689817	0.5075853166	0.8311967444
53.0358015006	-88.3833541472	620.7767828132	0.9635053848	0.0471792478	0.2634982546	0.0950740842	0.8598574076	-0.5016035167	-0.2502361886	0.5083498036	0.8239916796
54.2325998845	-87.8198089269	621.2081967937	0.957499483	0.0585007470	0.2824445984	0.0950137047	0.8605943956	-0.5003498167	-0.272341099	0.5059199507	0.8184605034
56.1919619129	-87.5301212715	621.2937225934	0.949910190	0.0674513409	0.3051530061	0.0988312921	0.8614830945	-0.4980753723	-0.2964800062	0.5032860664	0.8116651190
57.0553002443	-87.1811790038	621.4648427351	0.9426606898	0.0761429871	0.3249489024	0.1005013679	0.8636748317	-0.4939282844	-0.3182593562	0.4982649456	0.8064997535
58.4378772141	-86.478626244	621.407510727	0.9356175368	0.0800198446	0.3438232555	0.1046009403	0.8673884717	-0.4865138316	-0.3371590789	0.4911556812	0.8031735754
59.5243950181	-86.3146286282	621.3601611417	0.9285263401	0.0847520738	0.361465110	0.1076610734	0.8702975707	-0.4806155836	-0.3553153859	0.4851795612	0.7989698014
60.1812323468	-85.8118185548	621.2709271307	0.9223930357	0.0875187978	0.3762016032	0.1103636169	0.8736656394	-0.4738437889	-0.3701446341	0.4785901612	0.7962039744
61.1908574339	-85.6905937176	621.2049466289	0.916828873	0.0911474913	0.388732991	0.1122847763	0.8754455623	-0.4700924442	-0.3831622936	0.4746441751	0.7923990550
61.4932977732	-85.4527282898	621.122434646	0.9120634039	0.0932972185	0.3992915524	0.1144692855	0.8771266788	-0.4664176162	-0.393744723	0.4711097216	0.7893153300
61.8866430821	-85.5112421139	621.0687502833	0.9078849388	0.0950206308	0.4083075416	0.1170096824	0.8778291101	-0.4644617607	-0.4025576927	0.4694539715	0.7858494428
62.3976266232	-85.6267891162	621.0811782313	0.9032678268	0.0964820370	0.4180883386	0.1209227755	0.8776561544	-0.4637857946	-0.4116847848	0.4694796228	0.7810916144
62.616111094	-85.6888643763	620.9347669799	0.8995179109	0.0963382994	0.4261295901	0.1253894927	0.8774184159	-0.4630489774	-0.4185032898	0.4699532637	0.7771737332
63.0369429754	-85.9627377234	621.1238386304	0.8940728846	0.0962922553	0.4374513358	0.1314378362	0.8772275471	-0.461731593	-0.4282055443	0.4703189285	0.7716490301
63.5959943303	-86.0227920777	621.1610250083	0.8882920764	0.0971623329	0.4488831519	0.1363162418	0.8775478584	-0.4597038251	-0.4385823446	0.4695414077	0.7662739809
64.4313894983	-85.9904839342	621.3015669126	0.8816966919	0.0984778566	0.4614257535	0.1409746716	0.8783141723	-0.4568264673	-0.4502640779	0.4678314539	0.7605238737
65.0812820311	-85.748379506	621.4932693814	0.8754341222	0.1016255255	0.4725316538	0.1434629665	0.8789526915	-0.4548191539	-0.4615541999	0.4659552596	0.7548856139
65.7474888995	-85.6915676327	621.8530023061	0.8677199627	0.1064759522	0.4855144257	0.1460034526	0.8790969416	-0.4537306551	-0.475125646	0.4645981186	0.7472640652
66.9259759939	-85.5861851729	622.2473067504	0.860175696	0.1114375685	0.4976751523	0.1484521596	0.878869755	-0.4533762187	-0.4879147896	0.4638638423	0.7394393275
67.6963192839	-85.9718267101	622.6976383946	0.8523931587	0.1153020974	0.5100263099	0.1527029343	0.8779771326	-0.4536933233	-0.5001032049	0.4646087562	0.7307744587
68.3489264385	-85.5457404179	623.069167048	0.8458152204	0.1203831101	0.5197125307	0.1529371507	0.878596829	-0.4524130669	-0.5110806541	0.4621421158	0.7247193091
69.2812120848	-85.6972630151	623.6483246305	0.8390659471	0.1257133163	0.5293064767	0.1544603755	0.8778485449	-0.4533475463	-0.521642752	0.4621450621	0.7171551590
70.0736180216	-85.4717693405	624.0478112626	0.8329512109	0.1325813048	0.537226570	0.1536024677	0.8773164957	-0.4546667869	-0.5315980356	0.4612351404	0.7103968904
70.5164016803	-85.3633845963	624.3958317234	0.827798304	0.1385038001	0.5436621825	0.1526939936	0.8768442917	-0.4558824073	-0.5398485332	0.4603922237	0.7047016251
71.2403679705	-85.2259363523	624.8999759746	0.8220199363	0.1426160555	0.5513119436	0.1542369316	0.876186349	-0.4566273397	-0.5481743949	0.4603891723	0.6982460460
71.9759613981	-85.3782196782	625.2710575991	0.8174175577	0.1474774639	0.5568480476	0.1536842267	0.8758025167	-0.4575490928	-0.5551671049	0.4595872241	0.6932314431
72.4023235264	-84.9803578078	625.6496006587	0.8118400418	0.1533422894	0.5633849659	0.151608988	0.8764406816	-0.4570191516	-0.5638538719	0.456440456	0.6882816185
73.0328334515	-85.0384251118	626.0444271316	0.8070406076	0.1567572957	0.5693063462	0.1517150704	0.8767089192	-0.4564688177	-0.5706707507	0.4547620284	0.6837570703
73.8783449928	-84.6487195236	626.719576733	0.8001486003	0.1618748919	0.5775488857	0.1513429651	0.877251705	-0.4555491758	-0.5803977355	0.4519140311	0.6774333350
74.5879888388	-84.2949295725	627.2145979723	0.7940003355	0.1666937597	0.5846168952	0.1508089387	0.8775998829	-0.4550550903	-0.5889145688	0.4494792005	0.6716757167
75.7890700158	-83.8823563581	628.0417443784	0.7869258473	0.1700844303	0.5931461524	0.152380408	0.8779229285	-0.4539072637	-0.5979391884	0.4475742543	0.6649429245
75.9113297638	-84.0542941789	628.3864206453	0.7815910643	0.174919153	0.5987650855	0.1521909783	0.877400952	-0.4549786193	-0.604941533	0.4467336701	0.6591476798
77.0639631013	-83.7913284086	629.2593963571	0.7738950296	0.1811000725	0.6068659663	0.152135283	0.8770218637	-0.4557271978	-0.6147669333	0.4450115102	0.6511709685
76.6723991451	-83.7336954205	628.8447041788	0.7718470828	0.1813185826	0.6094048541	0.1531541043	0.8772302199	-0.4549844604	-0.617085489	0.4445115691	0.6493178226
77.2367080382	-83.7310008021	629.3004774124	0.7669604747	0.1834718678	0.6149087027	0.1544044834	0.8773357494	-0.4543583114	-0.6228433795	0.4434186266	0.6445531591
77.86405029	-83.8816265535	629.5045776844	0.7638396203	0.1845029809	0.6184720988	0.155703842	0.877284857	-0.4540127668	-0.626342907	0.4430915412	0.6413771010
78.1278510177	-83.7582942738	629.6915637809	0.7609264769	0.1854508313	0.6217735374	0.1560756024	0.8778308298	-0.4528285641	-0.6297894386	0.4416119334	0.6390205902
78.4950561759	-83.7067993967	629.6448257848	0.7599759954	0.1856184398	0.6228828142	0.1560002425	0.8782445544	-0.4520514196	-0.6309525312	0.4407177808	0.6384883132
78.4468443372	-83.4477877932	629.5466685722	0.7590679769	0.1858375563	0.6239251766	0.155029692	0.8792197157	-0.4504871463	-0.6322847615	0.4386766441	0.6385773413
78.660406778	-83.4649415322	629.5000178177	0.7585414448	0.1856776148	0.6246119741	0.1549748832	0.8796357277	-0.4496930956	-0.6329289611	0.4379095949	0.6384648803
78.6982691579	-83.2410100644	629.341409252	0.7589693498	0.1857699182	0.6240638384	0.153754480	0.8801996715	-0.4490079557	-0.6327129618	0.4367357043	0.6394816545
78.785969311	-83.2190640055	629.370200124	0.7590500289	0.1854734545	0.6240557443	0.1536138431	0.8804704182	-0.4485251921	-0.6326521588	0.4363158468	0.6398299885
78.8048095837	-83.4127794436	629.4151251377	0.759712087	0.1851801998	0.6233377602	0.1537707967	0.880244548	-0.4489146702	-0.6318197904	0.436896065	0.6402573579
79.0192563413	-83.6757005662	629.6001477112	0.7599831293	0.1854316302	0.6229290026	0.1547724447	0.8792316347	-0.450552118	-0.6312455056	0.4388241869	0.6395015002
79.092038004	-83.7447361714	629.7266328358	0.7602883272	0.1854623676	0.6225478456	0.1547342481	0.8790825591	-0.4508560774	-0.6308877948	0.4391099161	0.6396588604
79.3189849578	-83.4920728253	629.8566769555	0.7604724407	0.1866408494	0.6219727567	0.1534740326	0.8790128827	-0.4514225469	-0.6309759661	0.4387503055	0.6398207403
79.3052091494	-83.5331115092	630.0021269025	0.7604716255	0.1868414333	0.6219138008	0.1536976252	0.8787121809	-0.4519316444	-0.6309228004	0.4392670465	0.6395188059
79.4384821499	-83.1723571792	630.0959692756	0.7601988952	0.1875625112	0.6220260243	0.1520781852	0.8794495063	-0.4510439758	-0.6316394013	0.4374802875	0.6400322680
79.4363947143	-83.2528736074	630.362649558	0.7596916356	0.1869445911	0.6228327052	0.1529708738	0.879533652	-0.4505779431	-0.6320354309	0.4375755496	0.6395772912
79.6538468061	-83.0899983848	630.4283382474	0.7600838777	0.1871630742	0.6222881119	0.1520912388	0.8797878408	-0.4503794042	-0.6317759021	0.4369707839	0.6402466825
79.5918454286	-83.1688119712	630.5691935358	0.7600523582	0.1875853556	0.6221982903	0.1518661828	0.8796530568	-0.4507183765	-0.631866787	0.4370608178	0.6400944211
79.609452875	-83.0456452621	630.6690442897	0.7605629444	0.1883132133	0.6213521603	0.150731126	0.879653574	-0.4510980465	-0.6315223529	0.436746484	0.6406470315
79.7536153637	-82.9104275345	630.7451009757	0.7610629531	0.189627288	0.6203391854	0.1493252817	0.8794184988	-0.4520229757	-0.6312536288	0.4366512296	0.6409764558
79.7828141751	-82.8928084452	630.9010038678	0.7617459539	0.1897391465	0.6194698405	0.1494695911	0.8788926782	-0.4529973002	-0.6303988288	0.4376606245	0.6411327493
79.4932224176	-83.0826322531	630.9596574955	0.7627520675	0.1896253098	0.6182673711	0.1488278603	0.8789105895	-0.4531739979	-0.6293350194	0.4376739831	0.6421695272
79.2087706902	-82.991176657	630.8308206081	0.7653041789	0.1884848995	0.6154515404	0.1475494986	0.8793316422	-0.4527745927	-0.6265271729	0.4373204842	0.6451451836
79.0839551704	-82.8456096999	630.6989332976	0.7681774179	0.187692280	0.6121070202	0.1456891737	0.8797357122	-0.4525922476	-0.623440483	0.4368484241	0.6484483793
78.5766383434	-82.8810914316	630.4240800201	0.7727991133	0.1854630621	0.6069462098	0.144064293	0.8801190893	-0.4523668614	-0.6180822855	0.4370282619	0.6534365743
78.3809991351	-82.9404447988	630.5750025907	0.7766965694	0.1828636216	0.6027479079	0.1434129358	0.8804567523	-0.4519167614	-0.613332608	0.4374436436	0.6576228294
77.3374209146	-82.8902543276	629.8738798872	0.7847771533	0.1782561014	0.5935906513	0.1411957814	0.8811409012	-0.4512809464	-0.6034805926	0.4379672863	0.6663302661
76.6435092279	-83.1234431352	629.536610054	0.7931506026	0.1722989507	0.5841425104	0.1413252775	0.8808946243	-0.4517207419	-0.592398991	0.4408373981	0.6743317399
75.2701674484	-83.289706346	628.7484955568	0.8036495819	0.1681994785	0.5708355891	0.1374588111	0.8808194364	-0.4530584682	-0.5790072616	0.4425674334	0.6847494876
73.8795067097	-83.6404319737	628.2202770296	0.8136844307	0.1637137425	0.5577747763	0.1349780069	0.880087135	-0.4552223148	-0.5654165292	0.4456954985	0.6940152628
72.3479454977	-83.7567095178	627.4885367613	0.8248843654	0.1543454245	0.5438200595	0.1349019189	0.880464560	-0.4545144875	-0.5489665069	0.4482849936	0.7054597798
71.0084001072	-83.5970321429	626.7391508047	0.8363434162	0.1460185685	0.5284038727	0.1332336049	0.8808355964	-0.454288055	-0.5317714484	0.4503413008	0.7172266228
69.6791075196	-84.3070502371	626.2902846215	0.8459906074	0.1361227139	0.5155279708	0.1361329217	0.879677159	-0.4556707161	-0.5155252998	0.4556739894	0.7256677260
67.2205831393	-84.2870156016	625.4926946624	0.8586551862	0.1264062497	0.4967187199	0.1341739525	0.8798826121	-0.455854906	-0.4946770527	0.4580698014	0.7385551358
65.5115689305	-84.7011379462	624.9955255884	0.8687756563	0.1144466597	0.4817998946	0.1369167395	0.8794884511	-0.4558002908	-0.4759022692	0.4619545067	0.7484085238
63.9892463587	-84.9433450827	624.4448707815	0.8791637717	0.1034277619	0.4651610027	0.1380533371	0.8790146722	-0.4563710724	-0.4560847907	0.4654416784	0.7585193685
62.181404394	-85.5682122968	623.7726045608	0.890228524	0.0922551223	0.4460758286	0.1385718507	0.8780157861	-0.4581334552	-0.4339267939	0.4696564313	0.7688508578
60.2701639112	-85.378067844	623.20376114	0.9009805572	0.0813755040	0.4261596791	0.1370833591	0.8785392307	-0.4575772814	-0.4116335774	0.4706876625	0.7803915336
57.9233650782	-85.3060702054	622.5891354956	0.9124392067	0.0702472036	0.4031326275	0.1345185219	0.8789137136	-0.4576189827	-0.3864652218	0.4717794864	0.7925055120
55.8631533389	-85.7980839844	621.8609543886	0.9228530799	0.0581397912	0.3807442129	0.1345480897	0.8775982869	-0.4601286103	-0.3608922672	0.4758585922	0.8020719105
53.3531613252	-85.8908910642	621.2518103989	0.932946474	0.0484243912	0.3567455813	0.1311878484	0.8770560512	-0.4621283014	-0.3352641659	0.4779411239	0.8118937745
50.9742062799	-86.0336224746	620.6451040306	0.942169157	0.0358719499	0.3332176627	0.1303729679	0.8767132731	-0.4630086047	-0.308745385	0.479674190	0.8213356695
48.9396191175	-86.3065244722	620.1759518452	0.9502218988	0.0246017433	0.310597179	0.1290865689	0.8762082017	-0.4643228481	-0.2835709418	0.4813040632	0.8294163596
46.7196622712	-86.6157540902	619.8081560648	0.9575917006	0.0150255012	0.2877384214	0.1266896524	0.8749679243	-0.4673124645	-0.2587834987	0.4839477577	0.8359585087
44.4465263632	-86.7169004641	619.4154622454	0.9642371112	0.00609341420	0.2649724492	0.123659658	0.8739103314	-0.470094693	-0.2344266372	0.4860492333	0.8419032590
42.5720752234	-86.8164724075	619.2660255213	0.9693885964	-0.00138612950	0.2455276495	0.1211349949	0.8725121969	-0.4733379471	-0.2135697665	0.4885902458	0.8459713104
40.8358929657	-87.5109823597	619.1368467154	0.9739471306	-0.00862681030	0.2266142362	0.1191424158	0.8697231846	-0.4789433921	-0.1929599079	0.4934645672	0.8480923023
39.1301538433	-86.7061447776	618.9775279702	0.9783416405	-0.01327483	0.2065765721	0.1129327303	0.8705742281	-0.4789017329	-0.1734829086	0.491858268	0.8532183068
37.4728292514	-87.114197169	618.9962421049	0.9814029933	-0.0187284330	0.1910515344	0.1106315776	0.8685155223	-0.4831580582	-0.1568824488	0.4953082045	0.8544358988
36.0487607841	-87.1949435589	618.7859489456	0.9842627763	-0.0227897427	0.1752207043	0.1064545139	0.8679560304	-0.4850973319	-0.141028606	0.4961173663	0.8567226102
35.0033007416	-87.4102052576	618.7463795566	0.986441254	-0.0262068810	0.1619988035	0.1028089481	0.868122631	-0.4855853216	-0.1279091245	0.4956574013	0.8590460369
33.9207069159	-87.2481843116	618.5286438396	0.9881039995	-0.0309353715	0.1506394483	0.1011326649	0.868656609	-0.4849822613	-0.1158508412	0.4944477578	0.8614515776
33.2597329507	-86.9616445885	618.3392332761	0.9892773452	-0.0355799922	0.1416390301	0.1005119244	0.8694947239	-0.4836073299	-0.1059476275	0.4926589599	0.8637474656
32.166819489	-86.9558955183	618.1720398872	0.990478788	-0.0403265770	0.1316356736	0.0995214347	0.8703941127	-0.482192674	-0.0951297506	0.4907014954	0.8661204241
31.5334984593	-86.5787877758	617.8928355646	0.9912208074	-0.0465217983	0.1237519208	0.1007677823	0.8717969298	-0.479390959	-0.0855843893	0.4876534959	0.8688309386
30.8164249435	-86.5324377653	617.8062154389	0.9917212801	-0.0530604718	0.1169173589	0.1029704834	0.8726332712	-0.4773971345	-0.0766950479	0.4854846663	0.8708724633
29.6404099751	-86.28321993	617.6109898814	0.9923976453	-0.0605564240	0.1071362711	0.1046202416	0.8735659172	-0.475328345	-0.0648063967	0.4829239155	0.8732600609
28.0995752112	-85.9718490183	617.2745169004	0.9933013267	-0.0661931308	0.0947216205	0.1034004784	0.8750906303	-0.4727842069	-0.0515949535	0.4794107703	0.8760732283
27.5794268877	-85.831423605	617.0677051213	0.9937039845	-0.0748919311	0.0833058838	0.1054538065	0.8762784847	-0.4701226083	-0.0377907472	0.4759484513	0.8786588649
26.3109542969	-85.8572004212	616.7321639227	0.9940692095	-0.0846657442	0.0682352301	0.1068598372	0.876787021	-0.4688553991	-0.0201317667	0.4733666636	0.8806342628
24.2210478248	-85.3148691557	616.3879105963	0.9946579805	-0.0912083732	0.0483326888	0.1032230173	0.8785805107	-0.4663060595	6.68516921187717e-05	0.4688038664	0.8833019617
22.670299469	-85.1143276787	616.1322052513	0.9946306624	-0.0988949965	0.0305117083	0.1017075294	0.8794565226	-0.4649859614	0.0191510517	0.4655920403	0.8847929065
21.4090376279	-84.9093197904	615.942832911	0.9944839233	-0.1039451444	0.0140621349	0.0985790046	0.8803851998	-0.4639010067	0.0358401560	0.4627280844	0.8857757899
19.9912134211	-84.8843215997	615.7170881005	0.993895092	-0.1102992647	-0.00268022850	0.0964064607	0.8800096546	-0.4650687278	0.0536553536	0.4619706655	0.8852709386
19.1578633545	-85.2569354955	615.7321805373	0.9931839529	-0.1154758201	-0.0158450120	0.0946864483	0.8786043366	-0.468069254	0.0679721854	0.4633788512	0.8835496654
17.2930271611	-84.5990497253	615.4704180996	0.9924101895	-0.1177705112	-0.0353637447	0.0877565486	0.8797842851	-0.4672026115	0.0861351668	0.4605536565	0.8834419252
16.0807209669	-83.8622658596	615.4494117014	0.991552702	-0.1196237568	-0.0501459794	0.0827602234	0.8811469535	-0.4655435552	0.0998760482	0.4574608781	0.8836037406
15.3036382122	-83.7216375461	615.7358443011	0.9899384983	-0.1253857339	-0.0655532092	0.0807810142	0.8812506512	-0.4656946504	0.116160290	0.4557143528	0.8825125601
13.5455442274	-83.8551536988	615.6260707213	0.9884003583	-0.1271685248	-0.0830423534	0.0739630090	0.880558980	-0.4681298248	0.1326550574	0.4565570151	0.8797507255
11.6681015288	-85.1110336798	615.9659689826	0.9860971747	-0.131337036	-0.1018065192	0.0678652039	0.877518751	-0.474715955	0.1516849116	0.4612066674	0.8742320449
10.383337259	-84.4160939421	615.7932563293	0.9836991602	-0.1346521954	-0.1191652482	0.0628794355	0.8784939983	-0.4735970956	0.1684568614	0.4583849258	0.8726404443
8.8131627767	-84.8032861563	616.1766681887	0.9813068029	-0.1356342287	-0.136539764	0.0549855459	0.8774686184	-0.4764719376	0.1844352604	0.4600571305	0.8685239359
8.0068548994	-84.333751301	616.2768396152	0.9784147009	-0.139762360	-0.1522340817	0.0516738318	0.8786871678	-0.4745934285	0.2000964153	0.4564818114	0.8669427055
7.0831494933	-84.1171720149	616.334697756	0.9758785616	-0.1441290836	-0.1639670232	0.0506606048	0.8800911142	-0.4720942702	0.2123484423	0.4524004749	0.8661636009
5.8216706303	-83.7517239908	616.2429467512	0.9731815937	-0.148352070	-0.1757991787	0.0498180746	0.8820351124	-0.4685424106	0.224570301	0.4472196892	0.8657707559
4.6063176079	-83.7494235583	616.5218469492	0.970039946	-0.1537828198	-0.1880790223	0.0491445810	0.8823632832	-0.4679955588	0.2379237019	0.444731338	0.8634852241
3.8071561571	-83.5315880784	616.4565378281	0.9670632355	-0.157724433	-0.1997857275	0.0477756338	0.8834070314	-0.4661647572	0.2500176869	0.4412656509	0.8618459204
2.6550527669	-83.1319611372	616.2461391291	0.9641508379	-0.1609541466	-0.210960952	0.0464123988	0.8850649019	-0.4631477972	0.2612597015	0.4367535894	0.8608062247
1.5558449913	-82.7043890792	616.2141799238	0.9606618608	-0.1642780416	-0.2239239702	0.0442475264	0.8865261903	-0.4605577526	0.2741739941	0.4325322892	0.8589207796
0.7155631396	-82.4203414617	616.2016272626	0.9575264443	-0.1665182513	-0.2353977756	0.0418587605	0.8880153678	-0.4579043481	0.2852862861	0.428602651	0.8572683076
-0.1463258403	-82.3382332839	616.1598401935	0.9541060183	-0.1690447475	-0.2471921607	0.0388857666	0.8883886766	-0.4574422953	0.2969309303	0.4268361968	0.8541904035
-1.4268170985	-81.9279352986	616.4438154148	0.9490989427	-0.1740288829	-0.262539683	0.0367981849	0.8890631731	-0.4563032967	0.3128243055	0.4234155054	0.8502129763
-2.5075090384	-81.5634374058	616.2479158882	0.9449480908	-0.1769854385	-0.2752235746	0.0344189251	0.8901957937	-0.4542760838	0.3254031207	0.4197945166	0.8472804352
-3.3954934545	-81.0935059847	616.1434753878	0.9402457487	-0.1806904874	-0.288597298	0.0323839233	0.891192358	-0.452468182	0.3389524026	0.4160853978	0.8437912841
-4.725205054	-80.6055628523	616.2673900116	0.9348902682	-0.184726392	-0.3030809374	0.0303888709	0.8924173345	-0.4501863545	0.3536359944	0.4116647937	0.8399258720
-5.5989195725	-80.2774710983	616.3599024455	0.9299092575	-0.1876625904	-0.3163059776	0.0277946572	0.8934256555	-0.4483503749	0.3667344636	0.4081335391	0.8360207927
-7.1257874267	-80.0539972543	616.5138542298	0.9247535466	-0.1916980628	-0.3287593189	0.0270885677	0.8948336509	-0.4455771361	0.3796011709	0.4031432744	0.8326934469
-8.3021740949	-79.3256086145	616.5675587268	0.9193740661	-0.194936563	-0.3416917818	0.0259623263	0.8967618716	-0.4417512234	0.392529626	0.3972633434	0.8295206614
-9.3114042098	-79.3071853898	616.7773479011	0.914108198	-0.1997329817	-0.352859064	0.0254643124	0.8968171037	-0.4416678569	0.4046656941	0.3947475037	0.8248737851
-10.2655931631	-78.8118832786	617.0096786292	0.9084622873	-0.2024378032	-0.3656722003	0.0231951047	0.8979505597	-0.4394846936	0.4173238724	0.3907733978	0.8204498047
-11.527427355	-78.4882732954	617.2451652946	0.9028314672	-0.2068677365	-0.3769684761	0.0231103713	0.8987484551	-0.4378552849	0.429377959	0.386597148	0.8161993023
-12.5563762236	-78.2376182965	617.6865959434	0.8969077317	-0.2117459504	-0.3882328558	0.0229430046	0.8990102929	-0.4373262259	0.4416273841	0.383333581	0.8111874914
-13.8751694868	-78.6908617226	618.1692742684	0.8906359228	-0.2162839421	-0.399989110	0.0205023379	0.8978443647	-0.4398353409	0.4542572962	0.3835325221	0.8040867686
-14.4716424128	-78.0816385458	618.3531881823	0.8851896692	-0.2185706777	-0.4106900397	0.0185233445	0.8986248697	-0.4383265765	0.4648616253	0.3803949614	0.7995020802
-15.9668717439	-77.8372779069	618.9618849241	0.8780610331	-0.2244228875	-0.4226636758	0.0190151333	0.8988815491	-0.4377789768	0.4781721984	0.3763594698	0.7935403383
-16.5136347797	-77.9871826173	619.1675314473	0.8731335542	-0.2265954954	-0.4316178503	0.0162739668	0.8984565446	-0.4387607582	0.4872110955	0.376072568	0.7881601811
-17.6606768474	-77.5875527872	619.6013849561	0.8675506092	-0.2302074506	-0.4408677669	0.0161439124	0.8989956591	-0.4376600753	0.4970908063	0.3725743039	0.7836408314
-18.1682089425	-77.4173090065	620.0772103209	0.8622801448	-0.2343562598	-0.4489438236	0.0164300120	0.8989627299	-0.4377168416	0.5061654512	0.370058504	0.7790081681
-19.155991931	-77.4744907516	620.6719595124	0.8562447789	-0.2371592459	-0.4589134529	0.0126666377	0.8977552608	-0.4403124768	0.5164161402	0.3712022534	0.7717022955
-19.9141476739	-77.4144911163	621.0790652558	0.8509812574	-0.2400241206	-0.4671383646	0.0104815845	0.8970416293	-0.4418215923	0.525090412	0.3710860291	0.7658813424
-20.8278444461	-77.9659890729	621.6213846776	0.8449139332	-0.2447660076	-0.4756165335	0.00752208760	0.8945125628	-0.4469796397	0.5348503762	0.3740813194	0.7576273612
-21.8189118464	-77.7830073316	622.4397185416	0.8381232087	-0.2470238093	-0.4863395768	0.00352014670	0.894014113	-0.4480249146	0.5454672671	0.3737882946	0.7501634785
-22.7193251107	-77.6696028828	623.1734438569	0.8309446315	-0.2492202966	-0.4974158474	-0.0007236046	0.8935735296	-0.4489162242	0.5563566795	0.3733845897	0.7423297823
-23.4249584177	-78.0238299606	623.7367392204	0.8247295047	-0.2506258136	-0.5069637203	-0.005511359	0.8928334231	-0.4503534551	0.5655043493	0.3742133365	0.7349649108
-24.2106205163	-77.9243769927	624.3566583273	0.8178407832	-0.2531266965	-0.5167827401	-0.00872144570	0.8925011863	-0.4509607946	0.575379419	0.3733209737	0.7277162954
-24.676573143	-77.7900344763	624.8125970142	0.8124445494	-0.2550167816	-0.5243099498	-0.0106936526	0.8926018045	-0.4507190757	0.5829409345	0.3717909653	0.7224624306
-25.4399841949	-77.6367302577	625.3179803936	0.8071902844	-0.2582307311	-0.5308168227	-0.0108614355	0.8925882521	-0.450742072	0.5901963082	0.3695993818	0.7176839871
-26.0257862028	-76.7774294762	625.8834748726	0.8022008851	-0.2591971715	-0.5378576133	-0.0112586789	0.894124606	-0.4476767682	0.5969482722	0.3651820694	0.7143493725
-26.4216365772	-76.6336187171	626.2767552737	0.7980251915	-0.261561839	-0.5428990197	-0.0119799105	0.893830254	-0.4482452742	0.6025034384	0.3642153735	0.7101654661
-26.5364698887	-76.5232046774	626.563135143	0.7951954714	-0.2635690758	-0.5460734094	-0.0118510937	0.8936577349	-0.4485927663	0.6062379007	0.3631902762	0.7075090513
-27.1427591952	-76.604447204	626.5890931047	0.7937133484	-0.2649932103	-0.5475412425	-0.0114518130	0.893455320	-0.4490062679	0.6081872356	0.3626519503	0.7061129183
-27.6685528291	-76.5993645879	626.8611266223	0.7912489676	-0.266458258	-0.5503878652	-0.0116060818	0.8933622949	-0.4491871537	0.6113853981	0.3618067214	0.7037794708
-27.9528883984	-76.2191303267	626.9375171101	0.7892276709	-0.2681558413	-0.5524631904	-0.00936504890	0.8942651851	-0.4474395631	0.614032127	0.3583051843	0.7032676305
-28.0321031388	-75.7413585229	626.8727138019	0.7870804698	-0.267818959	-0.5556772813	-0.00937477140	0.8955325393	-0.4448973331	0.6167790211	0.3553791768	0.7023454632
-28.4159104866	-75.5960494048	626.7867380324	0.7849099973	-0.269155801	-0.5580918766	-0.00793867010	0.8962786021	-0.4434201029	0.6195549199	0.3524763136	0.7013610772
-28.6252851728	-76.1705868985	626.6991415273	0.7820001225	-0.2698079857	-0.561855772	-0.0109651907	0.8953546225	-0.4452190342	0.6231838043	0.3543217456	0.6972090346
-29.4865048998	-75.8928199301	626.9074772925	0.7772699563	-0.2697129649	-0.5684238188	-0.0128944738	0.8964365355	-0.442984348	0.6290345155	0.351648421	0.6932952834
-29.8760431474	-75.8695075841	627.0336141097	0.771396148	-0.2706449259	-0.5759340102	-0.0160008068	0.8965148483	-0.4427245783	0.6361545598	0.3507315923	0.6872375398
-30.5296466472	-75.8576064199	627.2808818358	0.764501878	-0.2727355809	-0.5840834453	-0.0179068934	0.896751049	-0.4421730399	0.6443737544	0.3485008921	0.6806840913
-31.5593653793	-75.2522072066	627.5714990754	0.7569400836	-0.2738173366	-0.5933505852	-0.0194231489	0.8981527165	-0.4392543282	0.6531948972	0.3440142079	0.6745293399
-32.1601780131	-75.0799188562	627.8531638669	0.7478244816	-0.2781308549	-0.602824207	-0.0199668970	0.8981812495	-0.4391715147	0.6635925556	0.3404603129	0.6661283699
-33.45139224	-74.753832701	628.2324398523	0.7377520474	-0.2823027755	-0.613208298	-0.0197935012	0.8989264999	-0.4376519061	0.6747795521	0.3350167519	0.6575969649
-34.4713762419	-74.5333485414	628.775477549	0.7263049613	-0.2864008929	-0.6248620849	-0.0212122370	0.8992898864	-0.4368381551	0.6870430047	0.3305330473	0.6470833629
-35.5605710134	-74.173806635	629.52870437	0.7145629152	-0.2904260159	-0.6364379724	-0.0232061598	0.8994125603	-0.4364843823	0.6991867166	0.3266645106	0.6359472564
-36.49349884	-74.2873533438	629.929905434	0.7053940869	-0.2929288722	-0.6454558558	-0.0265206114	0.8990660908	-0.4370089752	0.7083200196	0.3253813282	0.6264272820
-37.0147697453	-74.1542014786	630.2416760891	0.6984631558	-0.2942510053	-0.652357067	-0.0289056548	0.8992164802	-0.4365482035	0.7150649648	0.3237690785	0.6195642037
-37.4775841154	-73.8534036382	630.2711639641	0.6944334692	-0.2948489064	-0.6563752194	-0.0284518746	0.9002267552	-0.4344909974	0.7189957164	0.320399679	0.6167587003
-38.0977351862	-73.3902176092	630.4332239779	0.6903988705	-0.2961304858	-0.6600469612	-0.0275649741	0.9009506206	-0.4330453929	0.7229076547	0.3171675868	0.6138526287
-38.4275375802	-72.9841507337	630.4186642095	0.6885522097	-0.2966204518	-0.6617495461	-0.0259800673	0.9018471463	-0.4312734693	0.7247214664	0.3141464475	0.6132626574
-38.5412703755	-73.2162925518	630.2086582744	0.6879772415	-0.2982268757	-0.6616257262	-0.0252767636	0.9012660589	-0.4325282863	0.7252923548	0.3142929049	0.6125124219
-38.7267436467	-73.3652661619	629.9524408701	0.6884751876	-0.2993242058	-0.6606129622	-0.0239220857	0.9009936966	-0.433172144	0.7248670259	0.3140314199	0.6131513809
-39.0221080036	-73.3119054555	629.7346419392	0.6889069022	-0.3010155804	-0.6593907747	-0.0211606352	0.9009539649	-0.4333984955	0.7245404228	0.3125241137	0.6143037640
-39.2291144658	-73.2760068328	629.5091389955	0.6896000087	-0.3004764763	-0.6589103107	-0.0211318870	0.9011238328	-0.4330463581	0.7238800383	0.3125532719	0.6150652542
-39.3328430702	-73.3473739289	629.31062499	0.6901283611	-0.2997751237	-0.6586782913	-0.0215287489	0.9012634601	-0.432736368	0.7233662646	0.3128239267	0.6155337326
-39.5012656312	-73.2870753763	629.1411291149	0.6907798024	-0.2990519365	-0.6583256578	-0.0216684050	0.9014932318	-0.4322505491	0.7227414793	0.3128544524	0.6162534190
-39.4266954238	-73.7375000548	628.8785626738	0.6917324892	-0.298084296	-0.6577624361	-0.0239956665	0.9008441873	-0.4334790186	0.7217547427	0.3156346513	0.6159905189
-39.9526406203	-73.8464248895	628.9105299295	0.6913739513	-0.2979273697	-0.6582099705	-0.0244555418	0.9008497585	-0.433441499	0.7220823891	0.3157674039	0.6155380049
-40.1075198829	-73.6875601973	628.9764708207	0.6910908672	-0.2977912108	-0.6585656499	-0.0248023045	0.9008685783	-0.4333826222	0.7223386446	0.3158413111	0.6151959873
-40.2310928331	-73.4106036092	629.0466331856	0.6915479783	-0.2978182711	-0.6580769829	-0.0234830711	0.9012961528	-0.4325664436	0.7219484498	0.3145943263	0.6162958017
-40.1862974413	-73.6907000787	628.7869160999	0.6944687356	-0.2988803838	-0.6545105826	-0.0221774690	0.9003211858	-0.4346608596	0.7191813331	0.3163733063	0.6186165974
-40.4499764962	-73.6025296867	628.7600857203	0.6962448626	-0.2982026498	-0.6529276148	-0.0221333861	0.9002698724	-0.4347690626	0.717460355	0.3171577217	0.6202079158
-39.9891019868	-73.7065018219	628.8766696304	0.6997393745	-0.298953350	-0.6488350508	-0.0207396111	0.8993468165	-0.4367436528	0.714093724	0.3190638952	0.6231080563
-39.792744137	-73.6881986512	628.8378151049	0.7026085981	-0.299386402	-0.6455290002	-0.0191549423	0.8988962281	-0.4377425772	0.7113177668	0.3199270952	0.6258374171
-39.9761312175	-73.8144742893	629.0342439513	0.702909612	-0.3010321109	-0.6444349804	-0.0185306234	0.8979659225	-0.4396744833	0.7110368054	0.3209937515	0.6256104493
-40.0658194108	-73.6389467665	629.5082235534	0.7002225467	-0.3016288117	-0.6470798207	-0.0196824073	0.8978657913	-0.439829180	0.7136559862	0.3207140652	0.6227691819
